ID: 1
HP: 100.000000
ATK: 10
DEF: 12
Money: 0.000000
Lvl: 0
Moral: 100.000000
XP: 0.000000